MSE: 13.725123
RMSE: 3.704743
MAE: 2.300975
T_MSE: 13.725123
T_RMSE: 3.704743
T_MAE: 2.300975
U_MSE: 0.029964
U_RMSE: 0.173102
U_MAE: 0.108315
V_MSE: 0.089034
V_RMSE: 0.298385
V_MAE: 0.191315
W_MSE: 0.154779
W_RMSE: 0.393419
W_MAE: 0.249354
K_MSE: 0.000776
K_RMSE: 0.027856
K_MAE: 0.017624
NUT_MSE: 0.000008
NUT_RMSE: 0.002756
NUT_MAE: 0.001700
