MSE: 5.242461
RMSE: 2.289642
MAE: 1.631136
T_MSE: 5.242461
T_RMSE: 2.289642
T_MAE: 1.631136
U_MSE: 0.040951
U_RMSE: 0.202364
U_MAE: 0.139763
V_MSE: 0.122037
V_RMSE: 0.349337
V_MAE: 0.246608
W_MSE: 0.301908
W_RMSE: 0.549462
W_MAE: 0.362660
K_MSE: 0.001993
K_RMSE: 0.044644
K_MAE: 0.030652
NUT_MSE: 0.000017
NUT_RMSE: 0.004125
NUT_MAE: 0.002891
